pig	sire	dam
1	0	0
2	0	0
3	0	0
4	0	0
5	0	0
6	0	0
7	0	0
8	0	0
9	0	0
10	0	0
11	0	0
12	0	0
13	0	0
14	0	0
15	0	0
16	0	0
17	0	0
18	0	0
19	0	0
20	0	0
21	0	0
22	0	0
23	0	0
24	0	0
25	0	0
26	0	0
27	0	0
28	0	0
29	0	0
30	0	0
31	0	0
32	0	0
33	0	0
34	0	0
35	0	0
36	0	0
37	0	0
38	0	0
39	0	0
40	0	0
41	0	0
42	0	0
43	0	0
44	0	0
45	0	0
46	0	0
47	0	0
48	0	0
49	0	0
50	0	0
51	0	0
52	0	0
53	0	0
54	0	0
55	0	0
56	0	0
57	0	0
58	0	0
59	0	0
60	0	0
61	0	0
62	0	0
63	0	0
64	0	0
65	0	0
66	0	0
67	0	0
68	0	0
69	0	0
70	0	0
71	0	0
72	0	0
73	0	0
74	0	0
75	0	0
76	0	0
77	0	0
78	0	0
79	0	0
80	0	0
81	0	0
82	0	0
83	0	0
84	0	0
85	0	0
86	0	0
87	0	0
88	0	0
89	0	0
90	0	0
91	0	0
92	0	0
93	0	0
94	0	0
95	0	0
96	0	0
97	0	0
98	0	0
99	0	0
100	0	0
101	0	0
102	0	0
103	0	0
104	0	0
105	0	0
106	0	0
107	0	0
108	0	0
109	0	0
110	0	0
111	0	0
112	0	0
113	63	62
114	2	103
115	24	42
116	18	53
117	2	103
118	50	90
119	41	107
120	69	68
121	26	38
122	2	103
123	75	89
124	33	112
125	29	45
126	50	90
127	10	9
128	2	54
129	6	5
130	22	110
131	24	23
132	20	19
133	2	1
134	10	55
135	41	70
136	10	9
137	75	76
138	10	87
139	50	90
140	2	54
141	57	56
142	12	46
143	24	23
144	69	105
145	12	46
146	2	54
147	33	32
148	20	19
149	29	28
150	37	36
151	35	34
152	63	62
153	2	1
154	29	98
155	41	70
156	37	101
157	12	46
158	14	13
159	33	32
160	35	92
161	63	97
162	75	89
163	10	87
164	8	7
165	24	23
166	35	34
167	57	73
168	20	19
169	57	85
170	41	107
171	50	108
172	50	90
173	29	45
174	26	38
175	50	49
176	65	66
177	29	98
178	75	89
179	6	77
180	57	106
181	16	67
182	50	108
183	57	73
184	35	92
185	33	32
186	50	90
187	10	9
188	14	47
189	14	47
190	24	42
191	10	9
192	59	58
193	69	105
194	16	96
195	57	56
196	65	82
197	140	181
198	178	177
199	134	146
200	173	172
201	191	190
202	114	169
203	122	121
204	134	133
205	122	121
206	120	119
207	0	0
208	120	194
209	0	0
210	0	0
211	118	117
212	0	0
213	132	131
214	114	113
215	0	0
216	154	153
217	154	153
218	118	117
219	173	172
220	134	146
221	0	0
222	118	180
223	136	166
224	134	146
225	0	0
226	114	193
227	114	169
228	134	133
229	154	153
230	138	137
231	120	194
232	118	117
233	0	0
234	0	0
235	0	0
236	0	0
237	128	127
238	173	172
239	0	0
240	132	189
241	0	0
242	159	175
243	128	185
244	120	194
245	148	163
246	132	195
247	0	0
248	0	0
249	161	179
250	0	0
251	114	113
252	128	185
253	118	180
254	132	195
255	118	180
256	124	123
257	138	137
258	118	117
259	132	189
260	0	0
261	150	149
262	154	186
263	140	181
264	178	177
265	120	119
266	134	133
267	114	169
268	120	176
269	148	163
270	148	147
271	132	189
272	0	0
273	114	193
274	150	149
275	128	127
276	159	158
277	114	193
278	0	0
279	122	121
280	144	143
281	114	169
282	138	137
283	120	194
284	0	0
285	134	146
286	120	119
287	0	0
288	122	145
289	134	146
290	120	119
291	114	113
292	120	176
293	118	180
294	118	117
295	120	176
296	0	0
297	178	177
298	132	189
299	132	131
300	0	0
301	0	0
302	124	123
303	144	143
304	0	0
305	128	127
306	0	0
307	126	125
308	150	149
309	114	113
310	218	217
311	210	248
312	218	217
313	206	257
314	232	266
315	228	292
316	236	235
317	228	227
318	230	229
319	206	205
320	200	256
321	210	248
322	206	205
323	222	244
324	198	197
325	206	288
326	220	267
327	208	243
328	198	249
329	210	239
330	224	223
331	208	273
332	275	295
333	247	293
334	210	248
335	210	248
336	210	248
337	204	253
338	236	235
339	232	266
340	232	296
341	198	249
342	204	203
343	232	296
344	210	283
345	232	266
346	236	235
347	198	249
348	200	199
349	198	197
350	234	271
351	228	292
352	275	295
353	224	242
354	210	283
355	275	274
356	222	244
357	275	295
358	218	217
359	204	203
360	247	246
361	204	241
362	228	227
363	252	284
364	236	294
365	234	300
366	228	297
367	200	286
368	222	298
369	236	250
370	208	272
371	206	257
372	200	199
373	226	305
374	204	253
375	214	289
376	206	240
377	208	243
378	222	244
379	198	276
380	208	273
381	206	205
382	275	274
383	228	292
384	204	253
385	220	267
386	218	279
387	216	270
388	216	290
389	224	307
390	224	223
391	204	253
392	198	197
393	206	257
394	230	229
395	252	284
396	198	197
397	200	286
398	228	227
399	204	203
400	236	235
401	200	245
402	218	217
403	206	240
404	204	203
405	228	297
406	204	241
407	228	292
408	232	231
409	210	283
410	228	297
411	259	258
412	236	294
413	214	282
414	206	205
415	204	306
416	234	260
417	198	197
418	200	286
419	344	405
420	339	374
421	342	417
422	326	325
423	318	402
424	324	323
425	386	389
426	326	325
427	324	323
428	322	349
429	328	388
430	397	396
431	342	417
432	328	364
433	318	359
434	328	388
435	363	384
436	322	398
437	361	368
438	326	375
439	318	376
440	337	347
441	339	338
442	392	391
443	318	359
444	311	310
445	328	364
446	337	347
447	322	398
448	392	391
449	324	323
450	328	388
451	392	409
452	324	404
453	311	413
454	361	368
455	358	393
456	392	391
457	324	404
458	346	394
459	337	336
460	361	418
461	386	385
462	326	370
463	318	317
464	311	406
465	337	347
466	337	412
467	346	345
468	337	336
469	337	412
470	326	375
471	326	375
472	326	325
473	358	416
474	318	376
475	363	384
476	361	368
477	337	347
478	311	310
479	342	373
480	311	310
481	322	321
482	326	395
483	326	370
484	361	368
485	337	412
486	324	404
487	326	375
488	322	398
489	311	406
490	392	391
491	392	391
492	344	405
493	358	366
494	397	411
495	322	321
496	358	393
497	311	413
498	386	410
499	346	345
500	392	409
501	346	345
502	344	405
503	315	314
504	361	400
505	311	406
506	337	381
507	342	341
508	326	395
509	342	417
510	351	367
511	326	395
512	339	374
513	324	352
514	339	374
515	326	375
516	328	327
517	318	359
518	318	317
519	318	402
520	346	394
521	346	372
522	346	372
523	358	416
524	320	319
525	315	314
526	326	370
527	328	327
528	386	410
529	397	411
530	397	411
531	311	413
532	361	400
533	392	409
534	322	321
535	311	310
536	322	398
537	361	400
538	358	366
539	358	393
540	426	512
541	424	472
542	450	497
543	444	443
544	438	521
545	444	516
546	452	466
547	444	443
548	450	505
549	452	535
550	478	483
551	428	427
552	440	481
553	488	487
554	457	482
555	470	496
556	478	477
557	422	458
558	452	504
559	450	497
560	422	458
561	438	527
562	426	512
563	444	516
564	478	483
565	420	520
566	470	469
567	452	504
568	420	475
569	478	539
570	426	468
571	457	519
572	448	518
573	457	538
574	461	474
575	438	498
576	457	482
577	426	512
578	463	462
579	434	499
580	440	439
581	426	468
582	470	513
583	424	472
584	424	511
585	488	487
586	420	419
587	444	476
588	422	458
589	426	532
590	478	477
591	446	526
592	470	469
593	452	517
594	426	532
595	478	483
596	0	0
597	452	517
598	426	468
599	424	455
600	438	521
601	452	535
602	454	473
603	438	527
604	470	502
605	457	482
606	420	419
607	452	466
608	454	453
609	488	487
610	450	497
611	438	521
612	428	427
613	478	539
614	428	508
615	452	535
616	444	516
617	488	492
618	438	498
619	452	466
620	422	506
621	478	477
622	488	487
623	430	485
624	478	477
625	426	532
626	461	514
627	470	496
628	0	0
629	430	536
630	420	464
631	457	538
632	428	508
633	422	480
634	420	520
635	444	495
636	424	455
637	428	530
638	424	423
639	420	475
640	488	487
641	463	462
642	463	462
643	434	433
644	470	513
645	424	455
646	434	523
647	422	458
648	426	425
649	424	511
650	448	531
651	457	538
652	430	429
653	438	527
654	2	1
655	2	1
656	4	3
657	4	3
658	4	3
659	4	3
660	4	3
661	4	3
662	6	5
663	6	5
664	6	5
665	8	7
666	8	7
667	8	7
668	8	7
669	8	7
670	8	7
671	10	9
672	10	9
673	10	9
674	12	11
675	12	11
676	12	11
677	12	11
678	12	11
679	14	13
680	14	13
681	14	13
682	14	13
683	14	13
684	16	15
685	16	15
686	16	15
687	16	15
688	16	15
689	18	17
690	18	17
691	18	17
692	18	17
693	18	17
694	20	19
695	20	19
696	20	19
697	20	19
698	20	19
699	22	21
700	22	21
701	22	21
702	22	21
703	22	21
704	22	21
705	22	21
706	24	23
707	24	23
708	24	23
709	26	25
710	26	25
711	26	25
712	26	25
713	8	27
714	8	27
715	8	27
716	8	27
717	8	27
718	8	27
719	8	27
720	29	28
721	29	28
722	29	28
723	29	28
724	31	30
725	31	30
726	31	30
727	31	30
728	31	30
729	33	32
730	33	32
731	33	32
732	35	34
733	35	34
734	35	34
735	35	34
736	35	34
737	37	36
738	37	36
739	37	36
740	37	36
741	26	38
742	26	38
743	26	38
744	26	38
745	26	38
746	37	39
747	37	39
748	37	39
749	37	39
750	37	39
751	37	39
752	41	40
753	41	40
754	41	40
755	41	40
756	41	40
757	41	40
758	41	40
759	24	42
760	24	42
761	24	42
762	44	43
763	44	43
764	44	43
765	44	43
766	44	43
767	29	45
768	29	45
769	29	45
770	12	46
771	12	46
772	14	47
773	14	47
774	14	47
775	14	47
776	22	48
777	22	48
778	22	48
779	22	48
780	22	48
781	22	48
782	50	49
783	50	49
784	50	49
785	24	51
786	24	51
787	24	51
788	24	51
789	24	51
790	24	51
791	31	52
792	31	52
793	31	52
794	18	53
795	18	53
796	18	53
797	18	53
798	18	53
799	18	53
800	2	54
801	2	54
802	10	55
803	10	55
804	10	55
805	10	55
806	57	56
807	57	56
808	59	58
809	59	58
810	59	58
811	59	58
812	59	58
813	59	58
814	59	58
815	35	60
816	35	60
817	35	60
818	35	60
819	35	60
820	35	60
821	14	61
822	14	61
823	14	61
824	14	61
825	14	61
826	14	61
827	63	62
828	63	62
829	63	62
830	65	64
831	65	64
832	65	64
833	65	64
834	65	64
835	65	66
836	65	66
837	65	66
838	65	66
839	65	66
840	16	67
841	16	67
842	16	67
843	16	67
844	16	67
845	69	68
846	69	68
847	41	70
848	41	70
849	41	70
850	41	70
851	26	71
852	26	71
853	26	71
854	26	71
855	4	72
856	4	72
857	4	72
858	4	72
859	4	72
860	57	73
861	75	74
862	75	74
863	75	76
864	75	76
865	6	77
866	6	77
867	6	77
868	29	78
869	29	78
870	29	78
871	29	78
872	22	79
873	22	79
874	22	79
875	22	79
876	69	80
877	69	80
878	69	80
879	69	80
880	69	80
881	63	81
882	63	81
883	63	81
884	63	81
885	63	81
886	65	82
887	65	82
888	65	82
889	65	82
890	4	83
891	4	83
892	4	83
893	4	83
894	4	83
895	4	83
896	20	84
897	20	84
898	20	84
899	20	84
900	57	85
901	57	85
902	57	85
903	57	85
904	20	86
905	20	86
906	20	86
907	20	86
908	20	86
909	10	87
910	10	87
911	12	88
912	12	88
913	12	88
914	12	88
915	12	88
916	12	88
917	12	88
918	75	89
919	24	91
920	24	91
921	24	91
922	24	91
923	24	91
924	24	91
925	35	92
926	35	92
927	31	93
928	31	93
929	31	93
930	31	93
931	31	93
932	12	94
933	12	94
934	12	94
935	12	94
936	12	94
937	12	94
938	44	95
939	44	95
940	44	95
941	44	95
942	16	96
943	16	96
944	63	97
945	63	97
946	63	97
947	63	97
948	63	97
949	63	97
950	63	97
951	29	98
952	14	99
953	14	99
954	14	99
955	44	100
956	44	100
957	44	100
958	44	100
959	44	100
960	37	101
961	37	101
962	37	101
963	37	101
964	37	101
965	6	102
966	6	102
967	6	102
968	6	102
969	6	102
970	6	102
971	6	102
972	2	103
973	2	103
974	44	104
975	44	104
976	44	104
977	44	104
978	44	104
979	69	105
980	69	105
981	69	105
982	69	105
983	57	106
984	57	106
985	57	106
986	41	107
987	41	107
988	41	107
989	41	107
990	50	108
991	50	108
992	50	108
993	31	109
994	31	109
995	31	109
996	31	109
997	22	110
998	22	110
999	31	111
1000	31	111
1001	31	111
1002	31	111
1003	33	112
1004	33	112
1005	33	112
1006	33	112
1007	116	115
1008	116	115
1009	116	115
1010	116	115
1011	116	115
1012	116	115
1013	116	115
1014	116	115
1015	118	117
1016	120	119
1017	120	119
1018	120	119
1019	122	121
1020	122	121
1021	122	121
1022	122	121
1023	122	121
1024	122	121
1025	124	123
1026	124	123
1027	124	123
1028	126	125
1029	126	125
1030	126	125
1031	126	125
1032	126	125
1033	126	125
1034	128	127
1035	128	127
1036	128	127
1037	128	127
1038	128	127
1039	130	129
1040	130	129
1041	130	129
1042	130	129
1043	132	131
1044	132	131
1045	132	131
1046	132	131
1047	132	131
1048	132	131
1049	134	133
1050	134	133
1051	136	135
1052	136	135
1053	136	135
1054	136	135
1055	136	135
1056	138	137
1057	138	137
1058	138	137
1059	138	137
1060	140	139
1061	140	139
1062	140	139
1063	140	139
1064	142	141
1065	142	141
1066	142	141
1067	142	141
1068	142	141
1069	142	141
1070	144	143
1071	144	143
1072	144	143
1073	144	143
1074	122	145
1075	122	145
1076	122	145
1077	122	145
1078	122	145
1079	134	146
1080	134	146
1081	134	146
1082	134	146
1083	148	147
1084	148	147
1085	148	147
1086	148	147
1087	148	147
1088	148	147
1089	148	147
1090	150	149
1091	150	149
1092	150	151
1093	126	152
1094	126	152
1095	126	152
1096	126	152
1097	126	152
1098	154	153
1099	154	153
1100	154	153
1101	154	153
1102	154	153
1103	156	155
1104	156	155
1105	156	155
1106	156	155
1107	156	155
1108	156	155
1109	116	157
1110	116	157
1111	116	157
1112	159	158
1113	161	160
1114	161	160
1115	161	160
1116	161	160
1117	161	160
1118	142	162
1119	142	162
1120	142	162
1121	142	162
1122	142	162
1123	142	162
1124	148	163
1125	148	163
1126	148	163
1127	148	163
1128	148	163
1129	148	163
1130	165	164
1131	165	164
1132	165	164
1133	165	164
1134	136	166
1135	136	166
1136	136	166
1137	136	166
1138	136	166
1139	136	166
1140	136	166
1141	138	167
1142	138	167
1143	138	167
1144	138	167
1145	138	167
1146	138	167
1147	144	168
1148	114	169
1149	114	169
1150	114	169
1151	114	169
1152	114	169
1153	161	170
1154	161	170
1155	161	170
1156	161	170
1157	165	171
1158	165	171
1159	165	171
1160	165	171
1161	165	171
1162	173	172
1163	173	172
1164	136	174
1165	136	174
1166	136	174
1167	159	175
1168	159	175
1169	159	175
1170	159	175
1171	120	176
1172	120	176
1173	120	176
1174	120	176
1175	178	177
1176	178	177
1177	161	179
1178	161	179
1179	161	179
1180	161	179
1181	161	179
1182	140	181
1183	140	181
1184	140	181
1185	140	181
1186	124	182
1187	124	182
1188	124	182
1189	124	182
1190	124	182
1191	134	183
1192	134	183
1193	128	184
1194	128	184
1195	128	184
1196	128	184
1197	128	184
1198	128	184
1199	128	184
1200	128	184
1201	128	184
1202	128	185
1203	128	185
1204	128	185
1205	128	185
1206	128	185
1207	128	185
1208	154	186
1209	154	186
1210	154	186
1211	154	186
1212	156	187
1213	156	187
1214	156	187
1215	156	187
1216	156	187
1217	130	188
1218	130	188
1219	130	188
1220	130	188
1221	130	188
1222	130	188
1223	130	188
1224	130	188
1225	130	188
1226	132	189
1227	132	189
1228	191	190
1229	191	190
1230	191	190
1231	191	190
1232	191	190
1233	116	192
1234	116	192
1235	116	192
1236	116	192
1237	114	193
1238	114	193
1239	120	194
1240	120	194
1241	120	194
1242	132	195
1243	132	195
1244	132	195
1245	165	196
1246	165	196
1247	165	196
1248	165	196
1249	198	197
1250	198	197
1251	200	199
1252	200	199
1253	202	201
1254	202	201
1255	202	201
1256	202	201
1257	202	201
1258	204	203
1259	204	203
1260	204	203
1261	206	205
1262	206	205
1263	206	205
1264	206	205
1265	208	207
1266	208	207
1267	208	207
1268	208	207
1269	210	209
1270	210	209
1271	210	209
1272	212	211
1273	212	211
1274	214	213
1275	214	213
1276	214	213
1277	214	213
1278	214	213
1279	214	213
1280	216	215
1281	216	215
1282	216	215
1283	218	217
1284	218	217
1285	218	217
1286	220	219
1287	220	219
1288	220	219
1289	222	221
1290	222	221
1291	222	221
1292	222	221
1293	224	223
1294	224	223
1295	224	223
1296	224	223
1297	224	223
1298	224	223
1299	226	225
1300	226	225
1301	226	225
1302	226	225
1303	226	225
1304	228	227
1305	228	227
1306	228	227
1307	228	227
1308	230	229
1309	230	229
1310	230	229
1311	230	229
1312	232	231
1313	232	231
1314	232	231
1315	234	233
1316	234	233
1317	234	233
1318	234	233
1319	234	233
1320	234	233
1321	236	235
1322	236	235
1323	236	235
1324	214	237
1325	214	237
1326	214	237
1327	228	238
1328	228	238
1329	210	239
1330	210	239
1331	210	239
1332	210	239
1333	206	240
1334	206	240
1335	206	240
1336	204	241
1337	224	242
1338	224	242
1339	224	242
1340	224	242
1341	224	242
1342	208	243
1343	208	243
1344	208	243
1345	222	244
1346	222	244
1347	222	244
1348	222	244
1349	200	245
1350	200	245
1351	200	245
1352	200	245
1353	247	246
1354	247	246
1355	247	246
1356	247	246
1357	247	246
1358	247	246
1359	210	248
1360	210	248
1361	198	249
1362	198	249
1363	236	250
1364	252	251
1365	252	251
1366	252	251
1367	204	253
1368	218	254
1369	218	254
1370	218	254
1371	218	254
1372	216	255
1373	216	255
1374	216	255
1375	200	256
1376	200	256
1377	206	257
1378	259	258
1379	259	258
1380	259	258
1381	259	258
1382	259	258
1383	259	258
1384	259	258
1385	259	258
1386	234	260
1387	234	260
1388	234	260
1389	234	260
1390	232	261
1391	232	261
1392	232	261
1393	232	261
1394	232	261
1395	232	261
1396	212	262
1397	212	262
1398	212	262
1399	212	262
1400	212	262
1401	202	263
1402	202	263
1403	202	263
1404	202	263
1405	202	263
1406	202	263
1407	265	264
1408	265	264
1409	265	264
1410	265	264
1411	265	264
1412	265	264
1413	232	266
1414	232	266
1415	220	267
1416	220	267
1417	220	267
1418	220	267
1419	226	268
1420	226	268
1421	226	268
1422	226	268
1423	224	269
1424	224	269
1425	224	269
1426	224	269
1427	224	269
1428	216	270
1429	216	270
1430	216	270
1431	216	270
1432	216	270
1433	216	270
1434	234	271
1435	234	271
1436	234	271
1437	234	271
1438	208	272
1439	208	272
1440	208	272
1441	208	272
1442	208	273
1443	208	273
1444	208	273
1445	208	273
1446	208	273
1447	275	274
1448	275	274
1449	275	274
1450	275	274
1451	275	274
1452	198	276
1453	198	276
1454	198	276
1455	198	276
1456	198	276
1457	198	276
1458	198	276
1459	222	277
1460	222	277
1461	222	277
1462	222	277
1463	220	278
1464	220	278
1465	220	278
1466	220	278
1467	220	278
1468	218	279
1469	218	279
1470	218	279
1471	218	279
1472	247	280
1473	247	280
1474	247	280
1475	247	280
1476	247	280
1477	247	280
1478	265	281
1479	265	281
1480	265	281
1481	265	281
1482	265	281
1483	214	282
1484	214	282
1485	214	282
1486	214	282
1487	214	282
1488	252	284
1489	252	284
1490	202	285
1491	202	285
1492	202	285
1493	202	285
1494	202	285
1495	202	285
1496	202	285
1497	200	286
1498	200	286
1499	200	286
1500	200	286
1501	200	286
1502	226	287
1503	226	287
1504	226	287
1505	226	287
1506	206	288
1507	206	288
1508	206	288
1509	206	288
1510	206	288
1511	206	288
1512	206	288
1513	214	289
1514	214	289
1515	214	289
1516	214	289
1517	216	290
1518	216	290
1519	259	291
1520	259	291
1521	259	291
1522	259	291
1523	259	291
1524	259	291
1525	259	291
1526	228	292
1527	228	292
1528	247	293
1529	247	293
1530	247	293
1531	236	294
1532	275	295
1533	275	295
1534	275	295
1535	275	295
1536	232	296
1537	232	296
1538	232	296
1539	228	297
1540	228	297
1541	228	297
1542	222	298
1543	222	298
1544	222	298
1545	212	299
1546	212	299
1547	212	299
1548	212	299
1549	234	300
1550	234	300
1551	234	300
1552	202	301
1553	202	301
1554	202	301
1555	202	301
1556	202	301
1557	265	302
1558	265	302
1559	265	302
1560	265	302
1561	252	303
1562	252	303
1563	252	303
1564	252	303
1565	252	303
1566	220	304
1567	220	304
1568	220	304
1569	220	304
1570	226	305
1571	226	305
1572	226	305
1573	204	306
1574	204	306
1575	204	306
1576	224	307
1577	224	307
1578	224	307
1579	224	307
1580	224	307
1581	214	308
1582	214	308
1583	214	308
1584	214	308
1585	214	308
1586	214	308
1587	214	308
1588	216	309
1589	216	309
1590	216	309
1591	311	310
1592	313	312
1593	313	312
1594	313	312
1595	313	312
1596	313	312
1597	313	312
1598	313	312
1599	315	314
1600	315	314
1601	315	314
1602	315	316
1603	315	316
1604	315	316
1605	315	316
1606	315	316
1607	315	316
1608	315	316
1609	315	316
1610	318	317
1611	318	317
1612	318	317
1613	318	317
1614	318	317
1615	318	317
1616	320	319
1617	320	319
1618	320	319
1619	320	319
1620	322	321
1621	322	321
1622	322	321
1623	322	321
1624	324	323
1625	324	323
1626	324	323
1627	326	325
1628	328	327
1629	328	327
1630	328	327
1631	328	327
1632	330	329
1633	330	329
1634	332	331
1635	332	331
1636	332	331
1637	332	331
1638	332	331
1639	334	333
1640	334	333
1641	334	333
1642	334	333
1643	334	333
1644	334	333
1645	334	333
1646	334	333
1647	313	335
1648	313	335
1649	313	335
1650	313	335
1651	313	335
1652	313	335
1653	313	335
1654	337	336
1655	337	336
1656	339	338
1657	339	338
1658	339	338
1659	339	338
1660	339	338
1661	339	338
1662	332	340
1663	332	340
1664	332	340
1665	332	340
1666	332	340
1667	332	340
1668	342	341
1669	342	341
1670	342	341
1671	342	341
1672	344	343
1673	344	343
1674	346	345
1675	346	345
1676	346	345
1677	337	347
1678	337	347
1679	337	347
1680	330	348
1681	330	348
1682	330	348
1683	330	348
1684	330	348
1685	330	348
1686	322	349
1687	322	349
1688	322	349
1689	322	349
1690	351	350
1691	351	350
1692	351	350
1693	351	350
1694	351	350
1695	351	350
1696	351	350
1697	324	352
1698	324	352
1699	324	352
1700	324	352
1701	324	352
1702	324	352
1703	320	353
1704	320	353
1705	320	353
1706	320	353
1707	320	353
1708	320	353
1709	320	353
1710	355	354
1711	355	354
1712	355	354
1713	355	354
1714	355	354
1715	355	354
1716	344	356
1717	344	356
1718	344	356
1719	344	356
1720	344	356
1721	344	356
1722	344	356
1723	358	357
1724	358	357
1725	358	357
1726	358	357
1727	318	359
1728	318	359
1729	361	360
1730	361	360
1731	361	360
1732	361	360
1733	361	360
1734	361	360
1735	363	362
1736	363	362
1737	363	362
1738	363	362
1739	363	362
1740	363	362
1741	328	364
1742	328	364
1743	328	364
1744	328	364
1745	328	364
1746	334	365
1747	334	365
1748	334	365
1749	334	365
1750	334	365
1751	334	365
1752	334	365
1753	358	366
1754	358	366
1755	358	366
1756	358	366
1757	358	366
1758	351	367
1759	351	367
1760	351	367
1761	351	367
1762	361	368
1763	361	368
1764	361	368
1765	313	369
1766	313	369
1767	313	369
1768	313	369
1769	313	369
1770	313	369
1771	326	370
1772	326	370
1773	326	370
1774	326	370
1775	344	371
1776	344	371
1777	344	371
1778	344	371
1779	344	371
1780	346	372
1781	346	372
1782	346	372
1783	342	373
1784	342	373
1785	342	373
1786	342	373
1787	342	373
1788	342	373
1789	339	374
1790	339	374
1791	339	374
1792	326	375
1793	318	376
1794	318	376
1795	318	376
1796	332	377
1797	332	377
1798	332	377
1799	311	378
1800	311	378
1801	311	378
1802	311	378
1803	311	378
1804	315	379
1805	315	379
1806	315	379
1807	315	379
1808	315	379
1809	315	379
1810	311	380
1811	311	380
1812	311	380
1813	311	380
1814	311	380
1815	311	380
1816	337	381
1817	337	381
1818	337	381
1819	337	381
1820	330	382
1821	330	382
1822	330	382
1823	330	382
1824	330	382
1825	330	382
1826	330	382
1827	334	383
1828	334	383
1829	334	383
1830	363	384
1831	363	384
1832	363	384
1833	386	385
1834	386	385
1835	386	385
1836	386	385
1837	322	387
1838	328	388
1839	328	388
1840	328	388
1841	328	388
1842	386	389
1843	386	389
1844	386	389
1845	386	389
1846	386	389
1847	386	389
1848	313	390
1849	313	390
1850	313	390
1851	313	390
1852	313	390
1853	313	390
1854	313	390
1855	392	391
1856	392	391
1857	358	393
1858	358	393
1859	346	394
1860	346	394
1861	346	394
1862	346	394
1863	326	395
1864	397	396
1865	322	398
1866	322	398
1867	320	399
1868	320	399
1869	320	399
1870	320	399
1871	320	399
1872	320	399
1873	361	400
1874	361	400
1875	361	400
1876	351	401
1877	351	401
1878	351	401
1879	351	401
1880	351	401
1881	318	402
1882	318	402
1883	318	402
1884	342	403
1885	342	403
1886	342	403
1887	342	403
1888	324	404
1889	344	405
1890	344	405
1891	311	406
1892	339	407
1893	339	407
1894	339	407
1895	339	407
1896	339	407
1897	330	408
1898	330	408
1899	330	408
1900	330	408
1901	392	409
1902	392	409
1903	386	410
1904	386	410
1905	386	410
1906	397	411
1907	397	411
1908	337	412
1909	337	412
1910	311	413
1911	315	414
1912	315	414
1913	315	414
1914	315	414
1915	315	414
1916	332	415
1917	332	415
1918	332	415
1919	358	416
1920	358	416
1921	358	416
1922	342	417
1923	342	417
1924	361	418
1925	361	418
1926	420	419
1927	420	419
1928	420	419
1929	422	421
1930	422	421
1931	422	421
1932	424	423
1933	424	423
1934	424	423
1935	426	425
1936	426	425
1937	426	425
1938	428	427
1939	428	427
1940	428	427
1941	428	427
1942	428	427
1943	430	429
1944	430	429
1945	432	431
1946	432	431
1947	432	431
1948	432	431
1949	432	431
1950	432	431
1951	432	431
1952	434	433
1953	434	433
1954	434	433
1955	434	433
1956	436	435
1957	436	435
1958	436	435
1959	436	435
1960	436	435
1961	438	437
1962	438	437
1963	438	437
1964	438	437
1965	438	437
1966	440	439
1967	440	439
1968	440	439
1969	442	441
1970	442	441
1971	442	441
1972	442	441
1973	442	441
1974	442	441
1975	442	441
1976	446	445
1977	446	445
1978	446	445
1979	446	445
1980	446	445
1981	446	445
1982	448	447
1983	448	447
1984	448	447
1985	450	449
1986	450	449
1987	450	449
1988	450	449
1989	450	449
1990	452	451
1991	452	451
1992	452	451
1993	452	451
1994	454	453
1995	454	453
1996	454	453
1997	454	453
1998	457	456
1999	457	456
2000	457	456
2001	457	456
2002	457	456
2003	422	458
2004	422	458
2005	434	459
2006	434	459
2007	434	459
2008	434	459
2009	461	460
2010	461	460
2011	461	460
2012	461	460
2013	463	462
2014	463	462
2015	463	462
2016	420	464
2017	420	464
2018	420	464
2019	420	464
2020	436	465
2021	436	465
2022	436	465
2023	436	465
2024	452	466
2025	446	467
2026	446	467
2027	446	467
2028	446	467
2029	446	467
2030	446	467
2031	446	467
2032	446	467
2033	426	468
2034	426	468
2035	426	468
2036	470	469
2037	470	469
2038	470	469
2039	470	469
2040	450	471
2041	450	471
2042	450	471
2043	450	471
2044	450	471
2045	424	472
2046	424	472
2047	424	472
2048	424	472
2049	454	473
2050	454	473
2051	454	473
2052	454	473
2053	461	474
2054	461	474
2055	461	474
2056	461	474
2057	461	474
2058	420	475
2059	420	475
2060	444	476
2061	444	476
2062	444	476
2063	444	476
2064	478	477
2065	478	477
2066	442	479
2067	442	479
2068	442	479
2069	442	479
2070	442	479
2071	440	481
2072	440	481
2073	440	481
2074	440	481
2075	440	481
2076	457	482
2077	478	483
2078	478	483
2079	426	484
2080	426	484
2081	430	485
2082	430	485
2083	430	485
2084	430	485
2085	430	485
2086	430	486
2087	430	486
2088	430	486
2089	430	486
2090	430	486
2091	488	487
2092	436	489
2093	436	489
2094	436	489
2095	436	489
2096	436	489
2097	436	489
2098	454	490
2099	454	490
2100	454	490
2101	454	490
2102	454	490
2103	432	491
2104	432	491
2105	432	491
2106	432	491
2107	432	491
2108	432	491
2109	488	492
2110	488	492
2111	488	492
2112	488	492
2113	446	493
2114	446	493
2115	446	493
2116	446	493
2117	446	493
2118	446	493
2119	448	494
2120	448	494
2121	448	494
2122	448	494
2123	448	494
2124	448	494
2125	444	495
2126	444	495
2127	444	495
2128	444	495
2129	470	496
2130	470	496
2131	450	497
2132	450	497
2133	438	498
2134	438	498
2135	438	498
2136	438	498
2137	434	499
2138	434	499
2139	434	499
2140	430	500
2141	430	500
2142	430	500
2143	430	500
2144	430	500
2145	488	501
2146	488	501
2147	488	501
2148	488	501
2149	470	502
2150	470	502
2151	470	502
2152	470	502
2153	457	503
2154	457	503
2155	457	503
2156	457	503
2157	452	504
2158	450	505
2159	450	505
2160	450	505
2161	450	505
2162	422	506
2163	422	506
2164	440	507
2165	440	507
2166	440	507
2167	440	507
2168	440	507
2169	428	508
2170	428	508
2171	454	509
2172	454	509
2173	454	509
2174	454	509
2175	454	509
2176	424	510
2177	424	510
2178	424	510
2179	470	513
2180	470	513
2181	470	513
2182	461	514
2183	461	514
2184	461	514
2185	432	515
2186	444	516
2187	444	516
2188	452	517
2189	452	517
2190	452	517
2191	448	518
2192	448	518
2193	448	518
2194	448	518
2195	457	519
2196	457	519
2197	457	519
2198	420	520
2199	438	521
2200	438	521
2201	440	522
2202	440	522
2203	440	522
2204	440	522
2205	434	523
2206	434	523
2207	434	523
2208	434	523
2209	428	524
2210	428	524
2211	444	525
2212	444	525
2213	444	525
2214	446	526
2215	446	526
2216	438	527
2217	438	527
2218	422	528
2219	422	528
2220	422	528
2221	422	528
2222	432	529
2223	432	529
2224	432	529
2225	428	530
2226	428	530
2227	428	530
2228	428	530
2229	448	531
2230	448	531
2231	426	532
2232	426	532
2233	436	533
2234	436	533
2235	436	533
2236	436	533
2237	450	534
2238	450	534
2239	450	534
2240	450	534
2241	450	534
2242	452	535
2243	430	536
2244	430	536
2245	430	536
2246	442	537
2247	442	537
2248	442	537
2249	442	537
2250	442	537
2251	478	539
2252	478	539
2253	478	539
2254	541	540
2255	541	540
2256	541	540
2257	541	540
2258	543	542
2259	543	542
2260	543	542
2261	543	542
2262	543	542
2263	543	542
2264	545	544
2265	545	544
2266	545	544
2267	545	544
2268	545	544
2269	545	544
2270	545	544
2271	547	546
2272	547	546
2273	547	546
2274	547	546
2275	547	546
2276	549	548
2277	549	548
2278	549	548
2279	549	548
2280	549	548
2281	549	548
2282	549	548
2283	551	550
2284	551	550
2285	551	550
2286	551	550
2287	551	550
2288	551	550
2289	551	550
2290	553	552
2291	553	552
2292	553	552
2293	553	552
2294	553	552
2295	553	552
2296	555	554
2297	555	554
2298	555	554
2299	555	554
2300	555	554
2301	555	554
2302	557	556
2303	557	556
2304	557	556
2305	557	556
2306	557	556
2307	557	556
2308	559	558
2309	559	558
2310	559	558
2311	559	558
2312	551	560
2313	551	560
2314	551	560
2315	551	560
2316	551	560
2317	551	560
2318	562	561
2319	562	561
2320	562	561
2321	562	561
2322	549	563
2323	549	563
2324	549	563
2325	549	563
2326	565	564
2327	565	564
2328	565	564
2329	565	564
2330	565	564
2331	565	564
2332	565	564
2333	565	564
2334	567	566
2335	567	566
2336	567	566
2337	569	568
2338	569	568
2339	569	568
2340	569	568
2341	569	568
2342	571	570
2343	571	570
2344	571	570
2345	573	572
2346	573	572
2347	573	572
2348	573	572
2349	573	572
2350	573	572
2351	547	574
2352	547	574
2353	547	574
2354	547	574
2355	547	574
2356	576	575
2357	576	575
2358	576	575
2359	576	575
2360	576	575
2361	576	575
2362	569	577
2363	569	577
2364	569	577
2365	569	577
2366	569	577
2367	569	577
2368	565	578
2369	565	578
2370	565	578
2371	565	578
2372	580	579
2373	580	579
2374	580	579
2375	580	579
2376	580	579
2377	580	579
2378	580	579
2379	580	579
2380	582	581
2381	582	581
2382	582	581
2383	582	581
2384	582	581
2385	582	581
2386	576	583
2387	576	583
2388	576	583
2389	576	583
2390	585	584
2391	585	584
2392	585	584
2393	585	584
2394	545	586
2395	545	586
2396	545	586
2397	545	586
2398	551	587
2399	551	587
2400	551	587
2401	551	587
2402	551	587
2403	543	588
2404	543	588
2405	543	588
2406	543	588
2407	543	588
2408	543	588
2409	549	589
2410	549	589
2411	549	589
2412	549	589
2413	573	590
2414	573	590
2415	573	590
2416	573	590
2417	592	591
2418	592	591
2419	592	591
2420	592	591
2421	592	591
2422	592	591
2423	557	593
2424	557	593
2425	557	593
2426	557	593
2427	595	594
2428	595	594
2429	595	594
2430	595	594
2431	595	594
2432	595	594
2433	545	596
2434	545	596
2435	545	596
2436	545	596
2437	545	596
2438	545	596
2439	553	597
2440	553	597
2441	553	597
2442	553	597
2443	553	597
2444	571	598
2445	571	598
2446	571	598
2447	571	598
2448	571	598
2449	571	598
2450	553	599
2451	553	599
2452	543	600
2453	543	600
2454	543	600
2455	543	600
2456	595	601
2457	595	601
2458	595	601
2459	595	601
2460	595	601
2461	595	601
2462	585	602
2463	585	602
2464	585	602
2465	585	602
2466	576	603
2467	576	603
2468	576	603
2469	576	603
2470	573	604
2471	573	604
2472	573	604
2473	573	604
2474	573	604
2475	559	605
2476	559	605
2477	559	605
2478	559	605
2479	559	605
2480	559	605
2481	571	606
2482	571	606
2483	571	606
2484	555	607
2485	555	607
2486	555	607
2487	555	607
2488	555	607
2489	555	607
2490	555	607
2491	562	608
2492	562	608
2493	562	608
2494	562	608
2495	562	608
2496	545	609
2497	545	609
2498	545	609
2499	545	609
2500	543	610
2501	543	610
2502	543	610
2503	543	610
2504	565	611
2505	565	611
2506	565	611
2507	565	611
2508	565	611
2509	557	612
2510	557	612
2511	557	612
2512	557	612
2513	557	612
2514	557	612
2515	541	613
2516	541	613
2517	541	613
2518	541	613
2519	541	613
2520	541	613
2521	541	613
2522	562	614
2523	562	614
2524	562	614
2525	562	614
2526	562	614
2527	562	614
2528	562	614
2529	562	614
2530	562	614
2531	562	614
2532	582	615
2533	582	615
2534	582	615
2535	582	615
2536	582	615
2537	582	615
2538	582	616
2539	582	616
2540	582	616
2541	582	616
2542	582	616
2543	582	616
2544	592	617
2545	592	617
2546	592	617
2547	592	617
2548	592	617
2549	576	618
2550	576	618
2551	576	618
2552	576	618
2553	576	618
2554	559	619
2555	559	619
2556	559	619
2557	559	619
2558	573	620
2559	573	620
2560	573	620
2561	592	621
2562	592	621
2563	592	621
2564	592	621
2565	576	622
2566	576	622
2567	576	622
2568	576	622
2569	576	622
2570	571	623
2571	571	623
2572	571	623
2573	571	623
2574	592	624
2575	592	624
2576	592	624
2577	592	625
2578	592	625
2579	592	625
2580	592	625
2581	592	625
2582	592	625
2583	571	626
2584	628	627
2585	628	627
2586	628	627
2587	628	627
2588	628	627
2589	628	627
2590	628	627
2591	628	627
2592	543	629
2593	543	629
2594	543	629
2595	543	629
2596	543	629
2597	595	630
2598	595	630
2599	595	630
2600	595	630
2601	569	631
2602	569	631
2603	569	631
2604	569	631
2605	569	631
2606	569	631
2607	569	631
2608	569	631
2609	555	632
2610	555	632
2611	555	632
2612	555	632
2613	571	633
2614	571	633
2615	571	633
2616	571	633
2617	571	633
2618	571	633
2619	571	633
2620	585	634
2621	585	634
2622	585	634
2623	585	634
2624	585	634
2625	585	634
2626	553	635
2627	553	635
2628	553	635
2629	553	635
2630	553	635
2631	553	635
2632	582	636
2633	582	636
2634	582	636
2635	582	636
2636	565	637
2637	565	637
2638	565	637
2639	565	637
2640	545	638
2641	545	638
2642	545	638
2643	545	638
2644	545	638
2645	569	639
2646	569	639
2647	569	639
2648	569	639
2649	569	639
2650	641	640
2651	641	640
2652	641	640
2653	641	640
2654	641	640
2655	641	640
2656	573	642
2657	573	642
2658	573	642
2659	557	643
2660	557	643
2661	557	643
2662	557	643
2663	645	644
2664	645	644
2665	645	644
2666	645	644
2667	645	644
2668	645	644
2669	645	644
2670	645	644
2671	641	646
2672	641	646
2673	641	646
2674	641	646
2675	641	646
2676	641	646
2677	641	646
2678	645	647
2679	645	647
2680	645	647
2681	645	647
2682	645	647
2683	645	647
2684	649	648
2685	649	648
2686	649	648
2687	649	648
2688	649	648
2689	649	648
2690	649	648
2691	543	650
2692	543	650
2693	645	651
2694	645	651
2695	645	651
2696	645	651
2697	645	651
2698	645	651
2699	547	652
2700	547	652
2701	547	652
2702	547	652
2703	641	653
2704	641	653
2705	641	653
2706	641	653
2707	641	653
