treeid	 female	 prov
10	0	0
11	0	0
12	0	0
13	0	0
170	10	10
191	10	10
192	10	10
196	11	11
197	11	11
198	11	11
200	11	11
201	11	11
202	11	11
203	11	11
204	11	11
205	11	11
206	11	11
207	11	11
210	12	12
211	12	12
212	12	12
213	12	12
216	12	12
217	12	12
218	12	12
219	12	12
224	12	12
225	12	12
226	12	12
227	12	12
231	13	13
232	13	13
233	13	13
238	13	13
239	13	13
245	13	13
247	13	13
251	13	13
252	13	13
253	13	13
170.1	 170	 10
170.2	 170	 10
170.3	 170	 10
170.4	 170	 10
170.5	 170	 10
170.6	 170	 10
170.7	 170	 10
170.8	 170	 10
170.9	 170	 10
170.10	 170	 10
170.11	 170	 10
170.12	 170	 10
170.13	 170	 10
170.14	 170	 10
170.15	 170	 10
170.16	 170	 10
170.17	 170	 10
170.18	 170	 10
170.19	 170	 10
170.20	 170	 10
170.21	 170	 10
170.22	 170	 10
170.23	 170	 10
191.1	 191	 10
191.2	 191	 10
191.3	 191	 10
191.4	 191	 10
191.5	 191	 10
191.6	 191	 10
191.7	 191	 10
191.8	 191	 10
191.9	 191	 10
191.10	 191	 10
191.11	 191	 10
191.12	 191	 10
191.13	 191	 10
191.14	 191	 10
191.15	 191	 10
191.16	 191	 10
191.17	 191	 10
191.18	 191	 10
191.19	 191	 10
191.20	 191	 10
191.21	 191	 10
191.22	 191	 10
191.23	 191	 10
191.24	 191	 10
191.25	 191	 10
191.26	 191	 10
191.27	 191	 10
191.28	 191	 10
191.29	 191	 10
192.1	 192	 10
192.2	 192	 10
192.3	 192	 10
192.4	 192	 10
192.5	 192	 10
192.6	 192	 10
192.7	 192	 10
192.8	 192	 10
192.9	 192	 10
192.10	 192	 10
192.11	 192	 10
192.12	 192	 10
192.13	 192	 10
192.14	 192	 10
192.15	 192	 10
192.16	 192	 10
192.17	 192	 10
192.18	 192	 10
192.19	 192	 10
192.20	 192	 10
192.21	 192	 10
192.22	 192	 10
192.23	 192	 10
192.24	 192	 10
192.25	 192	 10
196.1	 196	 11
196.2	 196	 11
196.3	 196	 11
196.4	 196	 11
196.5	 196	 11
196.6	 196	 11
196.7	 196	 11
196.8	 196	 11
196.9	 196	 11
196.10	 196	 11
196.11	 196	 11
196.12	 196	 11
196.13	 196	 11
196.14	 196	 11
196.15	 196	 11
196.16	 196	 11
196.17	 196	 11
196.18	 196	 11
196.19	 196	 11
196.20	 196	 11
196.21	 196	 11
196.22	 196	 11
197.1	 197	 11
197.2	 197	 11
197.3	 197	 11
197.4	 197	 11
197.5	 197	 11
197.6	 197	 11
197.7	 197	 11
197.8	 197	 11
197.9	 197	 11
197.10	 197	 11
197.11	 197	 11
197.12	 197	 11
197.13	 197	 11
197.14	 197	 11
197.15	 197	 11
197.16	 197	 11
197.17	 197	 11
197.18	 197	 11
197.19	 197	 11
197.20	 197	 11
197.21	 197	 11
197.22	 197	 11
197.23	 197	 11
197.24	 197	 11
197.25	 197	 11
198.1	 198	 11
198.2	 198	 11
198.3	 198	 11
198.4	 198	 11
198.5	 198	 11
198.6	 198	 11
198.7	 198	 11
198.8	 198	 11
198.9	 198	 11
198.10	 198	 11
198.11	 198	 11
198.12	 198	 11
198.13	 198	 11
198.14	 198	 11
198.15	 198	 11
198.16	 198	 11
198.17	 198	 11
198.18	 198	 11
198.19	 198	 11
198.20	 198	 11
198.21	 198	 11
198.22	 198	 11
198.23	 198	 11
198.24	 198	 11
198.25	 198	 11
200.1	 200	 11
200.2	 200	 11
200.3	 200	 11
200.4	 200	 11
200.5	 200	 11
200.6	 200	 11
200.7	 200	 11
200.8	 200	 11
200.9	 200	 11
200.10	 200	 11
200.11	 200	 11
200.12	 200	 11
200.13	 200	 11
200.14	 200	 11
200.15	 200	 11
200.16	 200	 11
200.17	 200	 11
200.18	 200	 11
200.19	 200	 11
200.20	 200	 11
200.21	 200	 11
200.22	 200	 11
200.23	 200	 11
201.1	 201	 11
201.2	 201	 11
201.3	 201	 11
201.4	 201	 11
201.5	 201	 11
201.6	 201	 11
201.7	 201	 11
201.8	 201	 11
201.9	 201	 11
201.10	 201	 11
201.11	 201	 11
201.12	 201	 11
201.13	 201	 11
201.14	 201	 11
201.15	 201	 11
201.16	 201	 11
201.17	 201	 11
201.18	 201	 11
201.19	 201	 11
201.20	 201	 11
201.21	 201	 11
201.22	 201	 11
202.1	 202	 11
202.2	 202	 11
202.3	 202	 11
202.4	 202	 11
202.5	 202	 11
202.6	 202	 11
202.7	 202	 11
202.8	 202	 11
202.9	 202	 11
202.10	 202	 11
202.11	 202	 11
202.12	 202	 11
202.13	 202	 11
202.14	 202	 11
202.15	 202	 11
202.16	 202	 11
202.17	 202	 11
202.18	 202	 11
202.19	 202	 11
202.20	 202	 11
202.21	 202	 11
202.22	 202	 11
202.23	 202	 11
202.24	 202	 11
202.25	 202	 11
202.26	 202	 11
202.27	 202	 11
203.1	 203	 11
203.2	 203	 11
203.3	 203	 11
203.4	 203	 11
203.5	 203	 11
203.6	 203	 11
203.7	 203	 11
203.8	 203	 11
203.9	 203	 11
203.10	 203	 11
203.11	 203	 11
203.12	 203	 11
203.13	 203	 11
203.14	 203	 11
203.15	 203	 11
203.16	 203	 11
203.17	 203	 11
203.18	 203	 11
203.19	 203	 11
203.20	 203	 11
203.21	 203	 11
203.22	 203	 11
203.23	 203	 11
203.24	 203	 11
204.1	 204	 11
204.2	 204	 11
204.3	 204	 11
204.4	 204	 11
204.5	 204	 11
204.6	 204	 11
204.7	 204	 11
204.8	 204	 11
204.9	 204	 11
204.10	 204	 11
204.11	 204	 11
204.12	 204	 11
204.13	 204	 11
204.14	 204	 11
204.15	 204	 11
204.16	 204	 11
204.17	 204	 11
204.18	 204	 11
204.19	 204	 11
204.20	 204	 11
204.21	 204	 11
204.22	 204	 11
204.23	 204	 11
204.24	 204	 11
204.25	 204	 11
204.26	 204	 11
204.27	 204	 11
205.1	 205	 11
205.2	 205	 11
205.3	 205	 11
205.4	 205	 11
205.5	 205	 11
205.6	 205	 11
205.7	 205	 11
205.8	 205	 11
205.9	 205	 11
205.10	 205	 11
205.11	 205	 11
205.12	 205	 11
205.13	 205	 11
205.14	 205	 11
205.15	 205	 11
205.16	 205	 11
205.17	 205	 11
205.18	 205	 11
205.19	 205	 11
205.20	 205	 11
205.21	 205	 11
205.22	 205	 11
205.23	 205	 11
206.1	 206	 11
206.2	 206	 11
206.3	 206	 11
206.4	 206	 11
206.5	 206	 11
206.6	 206	 11
206.7	 206	 11
206.8	 206	 11
206.9	 206	 11
206.10	 206	 11
206.11	 206	 11
206.12	 206	 11
206.13	 206	 11
206.14	 206	 11
206.15	 206	 11
206.16	 206	 11
206.17	 206	 11
206.18	 206	 11
206.19	 206	 11
206.20	 206	 11
206.21	 206	 11
206.22	 206	 11
206.23	 206	 11
206.24	 206	 11
207.1	 207	 11
207.2	 207	 11
207.3	 207	 11
207.4	 207	 11
207.5	 207	 11
207.6	 207	 11
207.7	 207	 11
207.8	 207	 11
207.9	 207	 11
207.10	 207	 11
207.11	 207	 11
207.12	 207	 11
207.13	 207	 11
207.14	 207	 11
207.15	 207	 11
207.16	 207	 11
207.17	 207	 11
207.18	 207	 11
207.19	 207	 11
207.20	 207	 11
207.21	 207	 11
207.22	 207	 11
207.23	 207	 11
207.24	 207	 11
207.25	 207	 11
210.1	 210	 12
210.2	 210	 12
210.3	 210	 12
210.4	 210	 12
210.5	 210	 12
210.6	 210	 12
210.7	 210	 12
210.8	 210	 12
210.9	 210	 12
210.10	 210	 12
210.11	 210	 12
210.12	 210	 12
210.13	 210	 12
210.14	 210	 12
210.15	 210	 12
210.16	 210	 12
210.17	 210	 12
210.18	 210	 12
210.19	 210	 12
210.20	 210	 12
210.21	 210	 12
210.22	 210	 12
210.23	 210	 12
210.24	 210	 12
210.25	 210	 12
210.26	 210	 12
211.1	 211	 12
211.2	 211	 12
211.3	 211	 12
211.4	 211	 12
211.5	 211	 12
211.6	 211	 12
211.7	 211	 12
211.8	 211	 12
211.9	 211	 12
211.10	 211	 12
211.11	 211	 12
211.12	 211	 12
211.13	 211	 12
211.14	 211	 12
211.15	 211	 12
211.16	 211	 12
211.17	 211	 12
211.18	 211	 12
211.19	 211	 12
211.20	 211	 12
211.21	 211	 12
211.22	 211	 12
211.23	 211	 12
211.24	 211	 12
211.25	 211	 12
212.1	 212	 12
212.2	 212	 12
212.3	 212	 12
212.4	 212	 12
212.5	 212	 12
212.6	 212	 12
212.7	 212	 12
212.8	 212	 12
212.9	 212	 12
212.10	 212	 12
212.11	 212	 12
212.12	 212	 12
212.13	 212	 12
212.14	 212	 12
212.15	 212	 12
212.16	 212	 12
212.17	 212	 12
212.18	 212	 12
212.19	 212	 12
212.20	 212	 12
212.21	 212	 12
212.22	 212	 12
212.23	 212	 12
212.24	 212	 12
212.25	 212	 12
212.26	 212	 12
212.27	 212	 12
213.1	 213	 12
213.2	 213	 12
213.3	 213	 12
213.4	 213	 12
213.5	 213	 12
213.6	 213	 12
213.7	 213	 12
213.8	 213	 12
213.9	 213	 12
213.10	 213	 12
213.11	 213	 12
213.12	 213	 12
213.13	 213	 12
213.14	 213	 12
213.15	 213	 12
213.16	 213	 12
213.17	 213	 12
213.18	 213	 12
213.19	 213	 12
213.20	 213	 12
213.21	 213	 12
213.22	 213	 12
213.23	 213	 12
213.24	 213	 12
213.25	 213	 12
213.26	 213	 12
216.1	 216	 12
216.2	 216	 12
216.3	 216	 12
216.4	 216	 12
216.5	 216	 12
216.6	 216	 12
216.7	 216	 12
216.8	 216	 12
216.9	 216	 12
216.10	 216	 12
216.11	 216	 12
216.12	 216	 12
216.13	 216	 12
216.14	 216	 12
216.15	 216	 12
216.16	 216	 12
216.17	 216	 12
216.18	 216	 12
216.19	 216	 12
216.20	 216	 12
216.21	 216	 12
216.22	 216	 12
216.23	 216	 12
216.24	 216	 12
216.25	 216	 12
217.1	 217	 12
217.2	 217	 12
217.3	 217	 12
217.4	 217	 12
217.5	 217	 12
217.6	 217	 12
217.7	 217	 12
217.8	 217	 12
217.9	 217	 12
217.10	 217	 12
217.11	 217	 12
217.12	 217	 12
217.13	 217	 12
217.14	 217	 12
217.15	 217	 12
217.16	 217	 12
217.17	 217	 12
217.18	 217	 12
217.19	 217	 12
217.20	 217	 12
217.21	 217	 12
217.22	 217	 12
217.23	 217	 12
217.24	 217	 12
217.25	 217	 12
218.1	 218	 12
218.2	 218	 12
218.3	 218	 12
218.4	 218	 12
218.5	 218	 12
218.6	 218	 12
218.7	 218	 12
218.8	 218	 12
218.9	 218	 12
218.10	 218	 12
218.11	 218	 12
218.12	 218	 12
218.13	 218	 12
218.14	 218	 12
218.15	 218	 12
218.16	 218	 12
218.17	 218	 12
218.18	 218	 12
218.19	 218	 12
218.20	 218	 12
218.21	 218	 12
218.22	 218	 12
218.23	 218	 12
218.24	 218	 12
218.25	 218	 12
218.26	 218	 12
218.27	 218	 12
218.28	 218	 12
218.29	 218	 12
218.30	 218	 12
219.1	 219	 12
219.2	 219	 12
219.3	 219	 12
219.4	 219	 12
219.5	 219	 12
219.6	 219	 12
219.7	 219	 12
219.8	 219	 12
219.9	 219	 12
219.10	 219	 12
219.11	 219	 12
219.12	 219	 12
219.13	 219	 12
219.14	 219	 12
219.15	 219	 12
219.16	 219	 12
219.17	 219	 12
219.18	 219	 12
219.19	 219	 12
219.20	 219	 12
219.21	 219	 12
219.22	 219	 12
219.23	 219	 12
219.24	 219	 12
224.1	 224	 12
224.2	 224	 12
224.3	 224	 12
224.4	 224	 12
224.5	 224	 12
224.6	 224	 12
224.7	 224	 12
224.8	 224	 12
224.9	 224	 12
224.10	 224	 12
224.11	 224	 12
224.12	 224	 12
224.13	 224	 12
224.14	 224	 12
224.15	 224	 12
224.16	 224	 12
224.17	 224	 12
224.18	 224	 12
224.19	 224	 12
224.20	 224	 12
224.21	 224	 12
224.22	 224	 12
224.23	 224	 12
224.24	 224	 12
224.25	 224	 12
224.26	 224	 12
224.27	 224	 12
225.1	 225	 12
225.2	 225	 12
225.3	 225	 12
225.4	 225	 12
225.5	 225	 12
225.6	 225	 12
225.7	 225	 12
225.8	 225	 12
225.9	 225	 12
225.10	 225	 12
225.11	 225	 12
225.12	 225	 12
225.13	 225	 12
225.14	 225	 12
225.15	 225	 12
225.16	 225	 12
225.17	 225	 12
225.18	 225	 12
225.19	 225	 12
225.20	 225	 12
225.21	 225	 12
225.22	 225	 12
225.23	 225	 12
225.24	 225	 12
225.25	 225	 12
225.26	 225	 12
225.27	 225	 12
226.1	 226	 12
226.2	 226	 12
226.3	 226	 12
226.4	 226	 12
226.5	 226	 12
226.6	 226	 12
226.7	 226	 12
226.8	 226	 12
226.9	 226	 12
226.10	 226	 12
226.11	 226	 12
226.12	 226	 12
226.13	 226	 12
226.14	 226	 12
226.15	 226	 12
226.16	 226	 12
226.17	 226	 12
226.18	 226	 12
226.19	 226	 12
226.20	 226	 12
226.21	 226	 12
226.22	 226	 12
226.23	 226	 12
227.1	 227	 12
227.2	 227	 12
227.3	 227	 12
227.4	 227	 12
227.5	 227	 12
227.6	 227	 12
227.7	 227	 12
227.8	 227	 12
227.9	 227	 12
227.10	 227	 12
227.11	 227	 12
227.12	 227	 12
227.13	 227	 12
227.14	 227	 12
227.15	 227	 12
227.16	 227	 12
227.17	 227	 12
227.18	 227	 12
227.19	 227	 12
227.20	 227	 12
227.21	 227	 12
231.1	 231	 13
231.2	 231	 13
231.3	 231	 13
231.4	 231	 13
231.5	 231	 13
231.6	 231	 13
231.7	 231	 13
231.8	 231	 13
231.9	 231	 13
231.10	 231	 13
231.11	 231	 13
231.12	 231	 13
231.13	 231	 13
231.14	 231	 13
231.15	 231	 13
231.16	 231	 13
231.17	 231	 13
231.18	 231	 13
231.19	 231	 13
231.20	 231	 13
231.21	 231	 13
231.22	 231	 13
231.23	 231	 13
231.24	 231	 13
232.1	 232	 13
232.2	 232	 13
232.3	 232	 13
232.4	 232	 13
232.5	 232	 13
232.6	 232	 13
232.7	 232	 13
232.8	 232	 13
232.9	 232	 13
232.10	 232	 13
232.11	 232	 13
232.12	 232	 13
232.13	 232	 13
232.14	 232	 13
232.15	 232	 13
232.16	 232	 13
232.17	 232	 13
232.18	 232	 13
232.19	 232	 13
232.20	 232	 13
232.21	 232	 13
232.22	 232	 13
232.23	 232	 13
232.24	 232	 13
232.25	 232	 13
232.26	 232	 13
232.27	 232	 13
232.28	 232	 13
232.29	 232	 13
233.1	 233	 13
233.2	 233	 13
233.3	 233	 13
233.4	 233	 13
233.5	 233	 13
233.6	 233	 13
233.7	 233	 13
233.8	 233	 13
233.9	 233	 13
233.10	 233	 13
233.11	 233	 13
233.12	 233	 13
233.13	 233	 13
233.14	 233	 13
233.15	 233	 13
233.16	 233	 13
233.17	 233	 13
233.18	 233	 13
233.19	 233	 13
233.20	 233	 13
233.21	 233	 13
233.22	 233	 13
233.23	 233	 13
233.24	 233	 13
233.25	 233	 13
233.26	 233	 13
238.1	 238	 13
238.2	 238	 13
238.3	 238	 13
238.4	 238	 13
238.5	 238	 13
238.6	 238	 13
238.7	 238	 13
238.8	 238	 13
238.9	 238	 13
238.10	 238	 13
238.11	 238	 13
238.12	 238	 13
238.13	 238	 13
238.14	 238	 13
238.15	 238	 13
238.16	 238	 13
238.17	 238	 13
238.18	 238	 13
238.19	 238	 13
238.20	 238	 13
238.21	 238	 13
238.22	 238	 13
238.23	 238	 13
238.24	 238	 13
238.25	 238	 13
238.26	 238	 13
238.27	 238	 13
238.28	 238	 13
239.1	 239	 13
239.2	 239	 13
239.3	 239	 13
239.4	 239	 13
239.5	 239	 13
239.6	 239	 13
239.7	 239	 13
239.8	 239	 13
239.9	 239	 13
239.10	 239	 13
239.11	 239	 13
239.12	 239	 13
239.13	 239	 13
239.14	 239	 13
239.15	 239	 13
239.16	 239	 13
239.17	 239	 13
239.18	 239	 13
239.19	 239	 13
239.20	 239	 13
239.21	 239	 13
239.22	 239	 13
239.23	 239	 13
239.24	 239	 13
239.25	 239	 13
239.26	 239	 13
239.27	 239	 13
245.1	 245	 13
245.2	 245	 13
245.3	 245	 13
245.4	 245	 13
245.5	 245	 13
245.6	 245	 13
245.7	 245	 13
245.8	 245	 13
245.9	 245	 13
245.10	 245	 13
245.11	 245	 13
245.12	 245	 13
245.13	 245	 13
245.14	 245	 13
245.15	 245	 13
245.16	 245	 13
245.17	 245	 13
245.18	 245	 13
245.19	 245	 13
245.20	 245	 13
245.21	 245	 13
245.22	 245	 13
245.23	 245	 13
245.24	 245	 13
245.25	 245	 13
245.26	 245	 13
245.27	 245	 13
247.1	 247	 13
247.2	 247	 13
247.3	 247	 13
247.4	 247	 13
247.5	 247	 13
247.6	 247	 13
247.7	 247	 13
247.8	 247	 13
247.9	 247	 13
247.10	 247	 13
247.11	 247	 13
247.12	 247	 13
247.13	 247	 13
247.14	 247	 13
247.15	 247	 13
247.16	 247	 13
247.17	 247	 13
247.18	 247	 13
247.19	 247	 13
247.20	 247	 13
247.21	 247	 13
247.22	 247	 13
247.23	 247	 13
247.24	 247	 13
247.25	 247	 13
247.26	 247	 13
247.27	 247	 13
251.1	 251	 13
251.2	 251	 13
251.3	 251	 13
251.4	 251	 13
251.5	 251	 13
251.6	 251	 13
251.7	 251	 13
251.8	 251	 13
251.9	 251	 13
251.10	 251	 13
251.11	 251	 13
251.12	 251	 13
251.13	 251	 13
251.14	 251	 13
251.15	 251	 13
251.16	 251	 13
251.17	 251	 13
251.18	 251	 13
251.19	 251	 13
251.20	 251	 13
251.21	 251	 13
251.22	 251	 13
251.23	 251	 13
251.24	 251	 13
251.25	 251	 13
251.26	 251	 13
252.1	 252	 13
252.2	 252	 13
252.3	 252	 13
252.4	 252	 13
252.5	 252	 13
252.6	 252	 13
252.7	 252	 13
252.8	 252	 13
252.9	 252	 13
252.10	 252	 13
252.11	 252	 13
252.12	 252	 13
252.13	 252	 13
252.14	 252	 13
252.15	 252	 13
252.16	 252	 13
252.17	 252	 13
252.18	 252	 13
252.19	 252	 13
252.20	 252	 13
252.21	 252	 13
252.22	 252	 13
252.23	 252	 13
252.24	 252	 13
252.25	 252	 13
252.26	 252	 13
253.1	 253	 13
253.2	 253	 13
253.3	 253	 13
253.4	 253	 13
253.5	 253	 13
253.6	 253	 13
253.7	 253	 13
253.8	 253	 13
253.9	 253	 13
253.10	 253	 13
253.11	 253	 13
253.12	 253	 13
253.13	 253	 13
253.14	 253	 13
253.15	 253	 13
253.16	 253	 13
253.17	 253	 13
253.18	 253	 13
253.19	 253	 13
253.20	 253	 13
253.21	 253	 13
253.22	 253	 13
253.23	 253	 13
253.24	 253	 13
