2208166 2208112 2208052
2208977 2208055 2208096
2208220 2208166 2208977
2208384 2208036 2208149
2208282 2208220 2208384
2208078 2208011 2208111
2209721 2208166 2208977
2209604 2208065 2208541
2208361 2208282 2209721
2208164 2208121 2209309
2208232 2208078 2209604
2208348 2208250 2209815
2209603 2208040 2208069
2209999 2208261 2209774
2209792 2208220 2209645
2209802 2208232 2209089
2208086 2208361 2209999
2208217 2208164 2209603
2208114 2208067 2208487
2208227 2208167 2208420
2208278 2208112 2208907
2208249 2208201 2209615
2208422 2208348 2209802
2208441 2208252 2209792
2209823 2208166 2208977
266165 2208086 265667
2209602 2208060 2208074
2209647 2208097 2208728
2209835 2208217 2209636
2209940 2208169 2209737
2210009 2208220 2209713
2208071 2208282 2209823
2208253 2208114 2209602
2208332 2208227 2209647
2208462 2208278 2209940
284375 2208253 269317
2208043 2208016 2208053
2208179 2208117 2208241
2208394 2208249 2209778
2208634 2208422 2210133
2208498 2208441 2210009
284151 2208462 266165
2210322 2208394 2209835
269773 2208102 257312
269809 2208071 269316
2208906 2208011 2208044
2209688 2208161 2209629
2209703 2208054 2208929
2209725 2208063 2209218
2210097 2208231 2209624
2209627 2208092 2208285
2209795 2208233 2209618
2126748 2208634 2211084
2208681 2208332 2210322
284379 2208071 269773
284387 284375 269809
2208087 2208253 2209998
2208170 2208043 2208906
2208497 2208179 2209725
284170 2208498 284151
2208058 2208036 2208145
2208202 2208101 2208974
2208235 2208083 2208735
2208269 2208200 2208384
2208325 2208191 2209666
2208362 2208170 2208974
2208440 2208171 2209691
2208496 2208217 2209902
2208299 2208078 2209627
2208225 2208138 2208771
2208627 2208481 2209783
269360 2208362 257281
284147 2208086 262356
284274 284170 267149
2209865 2208058 2209703
2209881 2208235 2209688
2209930 2208269 2209792
2210492 2208217 2210097
30285 2208473 27462
266276 2208087 262187
284164 2208497 265698
2208765 2208055 2208234
2209977 2208309 2209819
2210013 2208217 2209902
2210245 2208363 2209954
2210316 2208158 2209862
2210332 2208332 2209844
2210386 2208442 2210109
2210735 2208422 2210320
2210750 2208361 2209981
2210006 2208225 2209795
2211309 2208681 2211173
2210959 2208627 2210651
2211064 2208634 2210476
2156991 2208681 2126748
284185 284379 284151
2208466 2208217 2209930
2208537 2208170 2209881
2208555 2208253 2209865
2208759 2208422 2210492
284197 284387 266276
284259 2208759 284164
2208415 2208325 2208765
2208610 2208332 2210013
2208680 2208202 2210316
2208683 2208440 2210332
2208872 2208683 2210386
2208884 2208498 2210322
2208928 2208496 2210750
278092 2208264 257538
2208400 2208282 2209705
2208689 2208361 2210296
2208903 2208496 2210751
2208524 2208299 2210006
2209014 2208671 2211126
2126494 2208498 2210959
2208946 2208498 2211064
2208698 2208422 2210304
269905 2208253 269360
280614 284197 284274
284153 2208466 290334
284154 2208462 284147
284308 284185 284123
284434 284387 284389
32336 2208498 30285
264681 278092 264600
284406 2208498 269856
2210243 2208217 2209977
2210627 2208537 2210245
2211133 2208361 2210735
2211208 2208498 2210465
2211298 2208759 2211114
2211319 2208759 2211201
41411 2208470 36708
137484 137456 137429
257627 255583 255867
261114 258737 257445
284479 2208674 269896
857799 2208498 2210865
858054 2208634 2211019
890572 2208928 858048
906234 2208903 900341
1859981 2208759 1841588
2017545 2208884 1990062
2210591 2208364 2209807
2210594 2208253 2210299
2210767 2208440 2210386
2210836 2208361 2210525
2210996 2208422 2210288
2211030 2208422 2210357
2211137 2208691 2210757
2211147 2208557 2210714
2211172 2208440 2210762
2211216 2208498 2210890
2211232 2208866 2210920
2211269 2208759 2211212
2211312 2208689 2210714
2211367 2208903 2211264
2211396 2208759 2211374
2211401 2209014 2211309
2163326 2208698 2156991
2119869 1442718 2119237
2157442 2208674 2141475
284189 2208555 284153
280722 284259 280614
2208783 2208415 2210243
2208911 2208610 2210627
2209062 2208884 2211133
2209096 2208683 2211208
2209098 2208872 2211319
278077 2208249 257627
860595 2208884 858054
901201 2208680 890572
902395 2208634 857799
1922003 2208634 2210591
2161049 2208872 2126748
2208530 2208400 2209930
2208817 2208683 2210386
2208926 2208498 2210996
2208933 2208498 2211137
2208937 2208496 2210836
2208985 2208680 2211030
2208999 2208498 2210594
2209012 2208759 2211216
2209080 2208689 2210316
2209141 2208946 2211269
176756 146918 176699
235185 2208759 235162
284360 290352 257465
859627 284379 1010859
1112017 2208928 971259
1365832 2208884 1363973
1521793 2208361 2210501
2208073 2208104 2210179
2208879 2208466 2210754
2208962 2208496 2210597
2208989 2208498 2210494
2208998 2208610 2211132
2209033 2208961 2211246
280665 284189 284308
284171 2208537 284154
284415 2208524 269905
284552 284415 284434
2208703 2208530 2210492
2209271 2209098 2211401
2169201 2126494 2163326
40567 2208759 32336
267298 2208071 265731
276130 2208086 275640
278116 278077 264681
284459 2208555 284406
2211415 2209080 2211298
269831 2208073 261114
270410 2208071 269653
271387 260001 269744
284587 2208680 284479
917255 2208962 906234
1445348 2209033 137484
1869410 2208680 1859981
2025383 280665 2017545
2156645 2208903 41411
2211124 2208634 2210767
2211258 2208759 2211172
2211263 2208681 2211200
2211268 2208879 2211147
2211308 2208759 2211232
2211375 2208884 2211120
2211386 2208999 2211312
2211470 2208884 2211396
2211527 2209062 2211367
2211530 2208985 2211367
28231 2208933 10817
48667 47670 95195
55586 34250 43754
57032 2208903 43530
70975 2208475 27605
94081 98755 134305
94288 74395 80962
95747 74914 87206
181703 2208759 181672
188348 2208926 188313
265888 2208362 261948
267988 260031 267001
280580 284171 268203
280696 284224 284256
281980 284591 284533
282364 2208989 284486
284456 2208884 270799
661011 2208884 654087
696315 2208530 688450
709665 1521793 705598
719146 2208783 700742
729597 1873189 1845671
741158 2209098 717661
769217 2208475 762255
781885 1375165 778684
785718 2161049 778202
835673 2208962 1090752
886154 881669 875439
915904 909571 902824
923983 2209062 912494
925142 902395 915371
927267 2209096 917359
964148 2208537 982839
977532 1922003 1028931
1034012 996145 973205
1038503 284360 975009
1066450 2208759 1014895
1074712 2208497 1063444
1088940 42808 1061890
1092768 2208689 1019095
1098533 284421 965393
1101100 2208928 1049815
1103476 47240 974817
1113737 284415 1074437
1115773 2208937 1002576
1118947 2208926 962470
1122871 284189 956682
1128255 284189 1073138
1133797 109705 1090265
1135769 1112017 1097926
1141107 280648 1096825
1155676 1065699 1120735
1155742 1131453 1112032
1156261 860595 1124243
1177553 2208999 1143345
1272941 2208962 1271925
1296206 2208884 1291986
1303133 860595 1731707
1304254 2209012 1300938
1348160 2208361 995647
1349765 2208926 1345907
1350128 2208962 1349409
1355723 1723281 1354813
1369906 2208911 1368247
1372002 2208680 1368370
1467216 2208817 1466641
1467475 2208884 1466922
1467510 2208928 1467052
1468192 2208928 1466878
1533843 1563178 1524945
1546204 2208466 1522565
1558325 2208530 1543602
1593808 1586943 1586683
1660791 905643 1591064
1680458 1721867 1720253
1741476 2208903 163299
1742934 2208872 1738422
1743560 1365832 1736632
1748349 901201 1743814
1749444 2208928 1742934
1749814 2209098 1738422
1834410 1823498 1816319
1852874 1815831 1816081
1891496 2209141 1881501
1982758 935999 1044987
1983836 1952404 1921939
1988860 2208818 1942792
1993423 48584 38480
1995209 1983079 1021784
2003759 2208884 1958677
2004502 284189 1954476
2005912 235185 1951310
2009683 2208987 46360
2010437 2208884 958763
2031298 280722 2017037
2042825 2208928 1075135
2065923 901201 2064162
2105857 2208466 2086247
2106132 1922003 2089067
2120477 2120017 2119869
2121879 859627 2119116
2148473 1922003 2144298
2156383 2153288 2149192
2157741 2208783 2126775
2158944 2208884 2126912
2162101 2157756 2148112
2163405 2208903 2156013
2166324 1365832 2149255
2167038 2149410 2160534
2169687 2209141 2164676
2170498 2149126 2152991
2201178 1558400 2199890
2204064 1922003 2126496
2211295 2208759 2211158
2211315 2208902 2211199
2211431 2208928 2211381
2162361 2208937 2157442
2211494 2208817 2211386
284544 2208759 284459
284405 2208497 269831
1750550 2209098 1445348
1894727 2208926 1869410
2169858 2209012 2156645
2174776 2209098 917255
2208988 2208498 2211124
2209109 2208926 2211308
2209118 2208884 2211268
2209164 2208985 2211263
2209170 2208988 2211415
2209184 2208817 2211386
2209205 2208999 2211258
2209280 2209098 2211375
2209326 2209096 2211527
181719 2208680 181703
282387 2208926 284587
918261 2209012 661011
1111059 284189 977532
1591404 2208884 1558325
2209103 2208759 2211315
2209107 2208884 2211258
2209175 2208817 2211295
2209239 2209062 2211386
2209255 2209062 2211367
41642 2208498 30445
52713 284544 84381
57417 2208928 40742
61262 284415 38172
73261 284189 18008
88300 2208759 52423
104486 2208759 94568
110189 2208808 102442
162239 176756 162147
171619 209499 171459
192231 2208924 192184
207792 212279 207874
243466 2208361 243453
278314 2208998 264099
282360 2208872 271898
282478 284552 273044
284152 2208462 266015
290755 2208466 290802
731257 860595 1372521
901986 2208689 858052
911183 2208680 857749
927258 2209098 917321
928665 2209164 923983
941330 2208498 270254
948552 2208759 942338
1122686 284171 1077998
1167958 2208759 1121359
1297117 2208770 1291257
1373243 2208962 1369006
1504228 2209096 2168457
1544500 2208361 1538145
1659928 2208866 1657355
1738098 2208817 200947
1867682 2208903 1844136
1922364 2208466 2210990
1924466 2208415 2211166
2005307 2208884 1950537
2108575 860595 2105446
2121888 284189 1104808
2155183 2208634 2148119
2155934 1921882 2144207
2158281 2208770 2126748
2207129 2169201 2205504
2208845 2208750 2210954
2208863 2208275 2210316
2208957 2208498 2211063
2208959 2208498 2210760
2208993 2208689 2210803
2209045 2208759 2211229
2209077 2208683 2210750
2209082 2208759 2211275
2209090 2208698 2211169
2209111 2208683 2211258
2209168 2208817 2211308
2209305 2209098 2211484
2209350 2209098 2211386
2209478 2209271 2211530
48793 2208783 40567
278182 2208681 278116
284243 2208703 267298
284683 2208555 276130
2209287 2209098 2211494
265484 2208680 271387
282340 2209098 2211470
284420 2208537 270410
2033660 2209205 2025383
59246 61262 94288
64580 88300 51150
68555 52713 48667
85660 2208681 70975
93387 73261 28231
109577 104486 87412
115310 110189 106435
134354 2208903 132743
163248 192231 188348
171713 171619 171629
182187 2208759 182168
217154 2209111 217139
242767 243466 242699
243802 2209170 243793
253563 207792 253553
256666 255787 255126
266555 2208466 265888
268237 284152 266264
268754 2208759 270687
268844 2208497 267988
271963 284171 269824
278517 255647 264200
280827 284544 280696
280951 2208999 280580
280953 2209096 280683
281863 284552 265361
281999 284189 284456
282004 2208933 284578
282448 284552 282364
282457 280665 281980
282537 284415 281999
283472 284544 290577
290641 290755 290638
290652 2208884 290629
290758 2208959 290633
455202 2169858 2031298
503167 2169858 1749814
511048 2169858 741158
609513 2207129 94081
730050 1738098 696315
733228 284683 719146
741335 911183 709665
741473 2209098 1372002
745274 2208989 729597
749452 1504228 744697
778431 2208689 769217
787688 2209098 781885
788461 280665 785718
837768 2158281 836565
838664 2209305 835673
904223 2208634 886154
926197 2208928 915904
930234 1750550 1128255
930405 2209205 923983
931129 280665 927267
932977 928665 925142
973906 941330 1038503
1075915 948552 95747
1086636 284243 1034012
1113153 48793 1066450
1113686 284189 1070540
1118474 2208957 1074712
1136001 235185 1101100
1143256 282360 1098533
1145181 284243 964148
1147757 2208993 1115773
1147791 1122686 1103476
1148357 1112017 1088940
1165905 859627 1122871
1169653 2208999 1092768
1176788 282478 1133797
1178567 278314 1118947
1186989 1167958 1155742
1205094 2209164 1156261
1224267 2209098 1177553
1274501 1867682 1272941
1298626 1297117 1296206
1304853 2209098 1303133
1305554 2209118 1304254
1349036 2208903 1348160
1351194 902395 1350128
1351221 2209062 2204064
1351769 918261 1349765
1359416 2208937 1355723
1361905 901201 1359416
1379250 2208928 1369906
1398349 2209107 1155676
1467643 2208962 1467216
1469129 2208928 1467475
1469217 731257 1468192
1469812 1591404 1467510
1502146 2155183 1501191
1519211 2161049 2169687
1556307 2208498 1546204
1560306 1544500 1533843
1607516 860595 1593808
1664268 2208698 1660791
1668951 2209239 1664268
1743061 2126494 1680458
1745680 284189 1741476
1747660 2209062 1742934
1747899 235185 57032
1748758 902395 1747712
1752169 2209109 1743560
1753199 2209062 1749444
1753226 2209118 1748349
1753972 2209205 1747660
1757102 2209098 1753972
1771444 57417 78036
1846902 284360 1834410
1861524 1521793 1852874
1899329 2209077 1891496
2001747 2208962 1982758
2003772 1659928 1993423
2005228 284189 1988860
2009790 2208946 1983836
2014640 1924466 2005912
2018404 284415 2003759
2018897 2208634 2004502
2022127 1894727 2009683
2023201 2161049 2010437
2023647 2161049 1995209
2024158 2161049 1113737
2044560 2209082 2042825
2066726 901201 2064719
2068002 1373243 2065923
2109734 235185 1135769
2110138 2005307 2105857
2111242 2108575 2106132
2122569 860595 2120477
2122862 2121888 2121879
2160385 2155934 2148473
2163234 2208962 2158944
2166625 284189 2156383
2169409 860595 2163405
2169776 284243 55586
2173311 2208962 2162101
2175333 902395 1141107
2180868 927258 2170498
2181215 2209164 2167038
2181412 280665 2166324
2181915 2209164 2157741
2202178 901986 2201178
2211498 2208872 2211431
2211539 2209090 2211431
2211585 2208903 2211498
67845 1427 56891
74190 2209048 55211
115585 2208987 55707
197604 207878 207108
208550 252164 208525
212315 2208475 212882
212347 2208618 212303
227540 181719 227530
232329 162095 232327
234527 2208497 239933
264065 2208759 263337
277496 2208872 277758
278385 278780 278284
281329 2209168 280694
284192 2208105 262815
284245 259285 284180
290648 2208537 290647
719255 2208928 700441
724896 2208962 696841
736337 2209012 1372056
744635 1379453 738049
745082 2209107 734255
753132 2209280 747469
825602 284405 1958283
831848 2208962 826346
900374 2208634 883652
916417 2126494 858052
920905 2161049 901204
951294 2208759 1027332
957863 2208466 1033945
977309 2208680 1040603
1012002 864795 957807
1055543 941214 1011905
1069411 2208818 1019129
1088467 2208680 966176
1115051 284189 1034756
1118253 2208928 1067630
1138027 2208989 1074272
1139568 278182 1111138
1157604 282387 1113012
1158857 284544 272616
1165212 1096194 1136350
1175199 2126494 971259
1185088 1111059 1107246
1187522 1111059 1102425
1187524 2209098 1111900
1300506 2208928 1298097
1351393 284544 2203317
1369524 2208770 1366691
1466528 2208634 1261529
1468347 2208884 1467708
1468550 860595 1467649
1470006 280665 1469317
1519779 2209118 1519092
1730406 2208689 1689750
1739324 2208962 978908
1744068 2208866 1739324
1752816 2209107 1445619
1843358 2208466 1824619
1907659 2209175 1898854
1993131 2208903 1949966
1994911 941330 1985871
2004805 284189 1997024
2013110 284421 2001603
2027117 2209184 2211513
2120478 284189 2119462
2154152 1922003 2141230
2155151 2208689 2148314
2156524 2208689 2147390
2160155 1922003 2126908
2161604 2208962 2153343
2163227 2208928 2146978
2166893 2208884 2154862
2169045 2208903 2161175
2169724 2149126 2162361
2172848 860595 2168807
2173735 2209062 2165601
2175591 2209098 2165601
2205537 2209098 2204181
2209674 2208059 2208574
2209836 2208224 2208339
2210689 2208253 2210252
2211190 2208466 2210871
2211197 2208718 2211046
2211225 2208498 2211140
2211388 2208884 2211221
2211434 2208893 2211364
2211462 2208698 2211251
2211465 2208988 2211331
2211507 2208985 2211370
2211535 2209205 2211438
2211601 2209164 2211499
2211629 2209326 2211555
503186 2174776 1753972
1667296 2209118 1664268
1752575 2209164 1747660
2020742 1591404 2001747
2021511 2209096 2005228
2026864 280665 2018404
2174056 2208680 2156991
2209206 2208999 2211258
2209291 2209103 2211498
2209325 2209107 2211530
2209343 2209205 2211539
2209354 2209118 2211530
77943 2208872 115585
94557 41642 67845
110535 284189 106365
190750 162239 197604
208594 2208361 208550
212376 2208627 212315
212392 2208680 212347
227543 2209350 227540
232340 176756 232329
234548 2208863 234527
255160 257593 256472
278326 2208845 264065
278456 2208998 278291
282006 2208933 284587
282199 2208999 281999
284225 2208497 284151
503022 2209287 1519779
510520 2209168 744635
510893 2209280 745082
624191 2209325 1470006
1109725 284189 977309
1178120 1922003 957863
1189593 1922003 1115051
1249709 2209255 281329
1377203 2208926 1369524
1398374 280665 1158857
1467503 2208884 1466528
1469513 1111059 1468347
1469843 2161049 1468550
1519749 2209164 1519211
1520047 2209168 920905
1630651 2208872 2211462
1743199 2208926 1730406
1751304 2161049 1744068
1754831 2209205 2211601
1758774 2209350 1752816
1759017 2174056 1752816
1772974 2209164 94081
1856037 2208361 1843358
1873385 2208911 1859981
2011229 860595 1994911
2020989 1591404 1993131
2022399 2209109 2004805
2030410 280665 1113737
2123185 2209045 2120478
2163419 2208962 2155151
2167744 2208872 2161604
2169710 2208884 2163227
2170150 1922364 2156524
2176224 1111059 2166893
2182521 2209205 2173735
2184031 2169201 2169045
2206716 2209164 2205537
2208932 2208498 2210689
2209036 2208683 2211190
2209067 2208683 2211197
2209088 2208759 2211225
2209222 2209062 2211434
2209283 2209103 2211415
2209295 2209103 2211507
2209386 2209164 2211535
2209526 2209478 2211629
278410 278212 278262
284573 284171 284458
2013679 2208999 1996331
2208356 2208232 2209754
2208764 2208366 2211014
284398 284544 265484
284496 2208911 284420
33523 2209036 134354
38073 2208555 15942
79877 278326 64580
93117 284189 39850
100599 2208759 73310
105985 2208933 85660
115882 110535 109577
121468 2209096 103286
124063 77943 115310
159499 181719 159478
161739 2209283 161711
165847 208594 165767
171750 232340 171713
182202 212376 182187
217169 2209170 217154
217191 2174776 217169
243809 2209326 243802
243813 212392 242767
244001 2169858 163248
253883 2208361 253563
257427 255160 256666
258125 284189 268237
258321 2208884 268844
267333 2208087 266555
272832 284415 271963
278629 2208999 278517
280890 2209062 268754
281201 2209255 278629
281321 2209184 280953
281344 2209062 282340
281361 280665 280827
281383 2209205 282457
281427 2209206 1519211
281489 2209098 282457
281857 284496 284134
281920 2209206 281999
282285 282006 282448
282321 2209107 284587
282522 284415 282004
282869 280665 282537
283609 280665 281863
283683 280665 283472
284436 284415 284413
284805 2209103 280951
284995 2209206 282748
290643 2209062 290641
290655 2208928 290652
290732 2209088 290727
290759 2209098 290758
297570 2182521 1469696
308966 2021511 1753199
310462 2209325 1757102
313014 2026864 503167
329910 2174776 2033660
332222 2174776 788461
350122 2174776 930234
352994 2209343 932977
373681 2209107 2122862
385553 1469513 1224267
449729 1754831 747584
456205 2206716 455202
475922 2184031 2180868
476550 1758774 2181215
477339 1752575 2181412
492928 624191 838664
498674 503186 2068002
525004 2209325 1668951
535605 280665 2024158
536622 2209280 931129
538224 510893 1351769
540226 2169858 1361905
557473 510520 749452
559872 1667296 511048
605277 503022 297834
609515 1772974 59246
610317 1249709 1771444
610330 1759017 609513
634784 1520047 2173311
647671 2169858 787688
741042 902395 730050
745217 2163419 733228
745872 2209141 741335
748573 2209205 741473
748888 2209184 744299
751387 918261 68555
751624 918261 745274
785033 2209012 778431
840564 1469843 839480
841437 2163419 837768
920280 2208937 904223
933622 2169858 930405
1120188 190750 973906
1145593 284225 1113686
1150056 284496 1086636
1177730 2209012 1147791
1177914 2208999 1143256
1183956 1111059 1138889
1187823 234548 1118474
1189377 2209096 1147757
1202193 1109725 1136001
1207066 284398 1075915
1210245 2209164 1145181
1218440 1189593 1148357
1229085 2011229 1165905
1238632 2209205 1169653
1242985 2030410 1176788
1250655 2209098 1205094
1251069 282199 1186989
1275878 2209107 1274501
1305177 2161049 1298626
1305892 280665 1747899
1306637 2209164 1304853
1307410 2209098 1305554
1351282 2209098 1349036
1351608 2209103 1351221
1351692 2209164 1351194
1361064 1856037 1359416
1382889 2209164 1379250
1398253 1743199 1398129
1398484 2209098 1398349
1398549 2209239 1398484
1449204 2209067 1445164
1450516 2209164 1178567
1470107 2174776 1469129
1470525 2209205 1467643
1470548 2209098 1469812
1470614 2167744 1469217
1504046 2170150 1502146
1606690 1377203 1560306
1607119 2169710 1556307
1610424 2209096 1607516
1753973 2209107 1743061
1755623 2209118 1745680
1756074 2209118 926197
1756632 2209098 1752169
1757424 1519749 1748758
1758151 2209205 1745680
1759033 2209205 1753226
1894531 902395 1861524
1902187 1873385 1846902
1907620 2209295 1899329
2017281 902395 1113153
2025675 1178120 2014640
2028563 2020989 2009790
2031730 282387 2023201
2033002 2022399 2003772
2034851 1398374 2023647
2036444 2011229 2022127
2037310 2209239 2018897
2045123 2176224 2044560
2064982 94557 99985
2066727 2209096 2066726
2112723 1751304 2111242
2113112 2209096 2109734
2113302 1469843 2110138
2123717 2123185 2122569
2174365 1467503 2169776
2174804 2209098 2163234
2176982 2209107 2166625
2178187 1630651 2160385
2178614 2209175 2156645
2181030 2209205 2156645
2181186 2209118 917255
2182695 2209118 2175333
2183471 2209164 2169409
2186724 2209280 2181915
2204282 2208946 2202178
2205876 2209164 93387
2211519 2209012 2211386
2211550 2209098 2211406
2211655 2209239 2211585
194744 2208530 232536
278518 278410 278385
280577 284573 284245
280860 2209062 277496
284298 2208680 284192
290654 2208903 290648
474366 2174776 1668951
557979 2209325 753132
736781 2208999 724896
741258 2208926 719255
741542 2209098 736337
831287 1591404 825602
835624 2209012 831848
907322 2208680 900374
921435 284189 916417
1052354 284379 1012002
1109896 284189 1069411
1116642 284189 1055543
1129886 1365832 951294
1154188 860595 1118253
1179127 2013679 1139568
1183047 1111059 1157604
1199683 2209098 1175199
1204431 2209098 1088467
1215393 280665 1165212
1215729 282387 1187524
1220163 2209205 1187522
1247101 2209280 1185088
1302361 284185 1300506
1351812 280665 1351393
1351890 2209205 1351282
1518957 2208884 2169724
1519212 2209062 2161604
1750002 2209098 1739324
1750549 2209098 1445348
1916974 2209280 1907659
2022676 1111059 1138027
2027161 280665 2013110
2034313 2209098 2027117
2121753 901201 2119869
2164301 2208962 2154152
2167889 2161049 2160155
2177870 280665 2172848
2180023 280665 2175591
2181210 280665 2169045
2205557 2209205 74190
2209751 2208078 2209674
2210099 2208356 2209836
2210992 2208422 2210734
2211371 2208764 2211035
2211432 2208683 2211258
2211436 2208872 2211213
2211458 2208817 2211388
2211529 2209062 2211367
2211544 2209098 2211390
2211558 2209098 2211386
2211594 2209098 2211386
2211599 2209098 2211465
137523 2209103 2211432
194823 2208932 194744
211069 2209205 282457
253785 2209103 2211432
279174 278456 278518
279576 2209164 1519212
279969 2174056 1664268
280911 2208999 284298
281103 280665 280577
281774 280665 278629
282337 2209098 2211470
290656 2208911 290654
329935 2209354 2033660
389677 2209354 1215729
400967 227543 1247101
476338 2209325 2180023
478888 2209386 474366
481787 2209386 2181210
510521 2169858 736781
538068 1750550 1351812
538089 2209325 1351890
561899 2209526 557979
569042 2209291 1916974
617515 2209283 1664268
641295 2209222 2177870
643553 2209206 2034313
746744 2209062 741542
748228 284496 741258
749876 2209205 741542
837164 901201 831287
840775 2209239 835624
921843 2208999 907322
1154673 860595 1052354
1178231 2209012 1116642
1183899 1922003 1109896
1189892 2209098 1129886
1201866 280665 1179127
1212855 280665 1154188
1229824 2169858 1199683
1235161 2209205 1183047
1239568 2209206 280860
1251750 2169858 1215393
1255121 2020742 1220163
1304852 2209096 1302361
1519843 2209098 1518957
1519981 2209098 921435
1754822 2209205 1750549
1755722 2209205 1750002
1903594 2209096 1869410
2035574 2011229 2022676
2035814 2209205 2027161
2036301 2169201 1204431
2123904 2209107 2121753
2173880 2208817 2162361
2178211 2209118 2167889
2180925 2209062 2164301
2206567 2209118 2205557
2208401 2208232 2209751
2208586 2208422 2210099
2209027 2208498 2210992
2209171 2208999 2211371
2209227 2208999 2211319
2209244 2209062 2211458
2209245 2208999 2211436
2209368 2209239 2211544
2209400 2209171 2211594
2209413 2209205 2211599
2209431 2209098 2211529
2209447 2209244 2211558
97315 2169858 33523
110167 2208586 38073
113252 2208988 105985
121279 2209027 100599
123530 2209098 2211415
128629 2209245 121468
130915 2209206 79877
131840 2209271 93117
171784 2208071 171750
182211 194823 182202
186450 0 0
201471 2209171 2211519
217182 2209271 217169
217187 2169858 217169
228944 2209271 159499
233063 2169201 283683
238530 2209109 165847
239087 2208466 253883
243824 2209170 243813
252064 2209271 161739
254292 2209287 244001
254595 2209326 217191
254730 2209413 243809
278018 2209291 282285
278022 211069 2211655
278091 2208401 257427
280910 2209062 258125
280943 2209184 258321
281153 2209098 280890
281307 2209164 280614
281883 280665 281857
281922 2209206 282869
282067 171784 272832
282959 2209118 282321
283190 2209206 283609
284307 284185 267333
284556 284405 284436
284933 280911 281321
285179 2021511 282340
285222 2169858 278629
285377 0 0
285686 280911 282522
286121 2209171 281201
286160 281103 281344
286405 282337 281427
286917 282337 284995
287351 281103 284805
288186 2209368 281383
288471 279174 284805
288501 2209287 281361
290645 290656 290643
290646 2209326 290759
290658 2209098 290655
290740 290656 290732
290797 279174 525004
291203 1178231 1305892
291207 2169858 1306637
291210 253785 1307410
291421 2209280 2045123
292076 921843 1351282
292083 2174056 1351282
293991 1750550 2182695
297248 2209287 1470525
297273 2169858 1470107
297280 2209205 1470548
298498 2174776 1305177
299871 2209287 1755623
300383 746744 2178614
300385 2209280 2181030
300465 2174056 2178187
300557 2169858 1361064
301037 538068 540226
302580 2209244 2211550
310687 2036301 1756312
311493 2174056 1757424
311713 2026864 1759033
312865 280722 1756074
313948 2026864 1758151
315137 503186 308966
315537 1667296 310462
317637 749876 1753973
317668 1755722 313014
318582 1754822 1756632
329613 2174776 2183471
329614 1750550 2181186
329651 2174056 2174804
329916 2209271 535605
329918 2209325 1398484
329920 2209325 1398484
329936 2209354 2033660
329969 2209354 329910
329997 279174 1398549
336248 1752575 1187823
337196 2020742 332222
338423 279174 647671
352295 1750550 933622
353399 2209343 536622
355529 1201866 350122
360493 478888 352994
365575 2209287 748573
366330 2209287 1351608
370204 0 370307
370995 1304852 281920
371003 2209227 281489
373672 2123904 2123717
379135 1189892 1177914
380357 2209325 1229085
387307 2026864 1207066
389969 643553 1218440
393862 279969 1250655
393885 0 1238632
398427 1519843 1183956
422747 281774 385553
449694 2209098 748888
450962 641295 2028563
450985 1183899 2034851
451418 281103 2037310
453261 1750550 2033002
453965 279576 2031730
453988 2021511 2036444
454840 2026864 118809
454886 2209325 1242985
462423 1251750 1251069
465518 281774 2025675
467384 481787 456205
472576 1255121 2205876
475717 837164 2186724
477003 291207 2182275
477118 617515 634784
480113 2209431 476550
482752 2209413 477339
484130 355529 475922
490335 569042 841437
491256 840775 840564
494305 1235161 492928
500820 2209400 498674
506329 1239568 2113112
508172 749876 2112723
508195 0 2113302
514285 510521 1607119
514943 2209325 1202193
517334 292076 1606690
522991 1519981 1667048
530551 2035574 124063
530597 2180925 741042
538119 2209205 1351692
538584 1229824 538224
540308 1894727 1382889
550764 329613 1275878
555214 2209287 751387
557876 2174776 449729
562387 329935 751624
563170 353399 557473
565436 561899 559872
571526 137523 1907620
571549 2209325 1894531
590818 2206567 2204282
604754 0 1311508
607122 400967 605277
610913 389677 609515
610959 0 610317
611788 538089 610330
624286 2174776 1470614
624921 2209447 624383
624967 476338 297570
627220 2209205 373681
636567 1178231 1450516
641032 2209280 2017281
671793 2209118 115882
750484 2209164 745217
751056 2178211 745872
790607 2209096 785033
929008 2173880 920280
1182780 1154673 1120188
1204440 2209164 1177730
1226833 2169201 1189377
1229569 2169858 1145593
1239085 1212855 1150056
1248535 2035814 1210245
1398361 2209118 1398253
1451262 1903594 1449204
1505061 2209118 1504046
1615111 290645 1610424
1916816 748228 1902187
2066779 284189 2064982
2068466 746744 2066727
2185425 746744 2174365
2187112 2209280 2176982
